background(219, 7, 7);
//hair
fill(120, 89, 89);
rect(41,17,335,393,100);
//ears
fill(238, 255, 0);
ellipse(29,182,33,75);
ellipse(373,205,41,79);
//face
fill(238, 255, 0);
ellipse(202,203,339,353);

//eyes
fill(242, 228, 228);
ellipse(133,175,57,35);
ellipse(237,175,52,35);
fill(56, 56, 56);
ellipse(131,175,-17,33);
ellipse(239,176,-19,34);

//mask
fill(224, 224, 224);
rect(87,235,175,109,100);
line(94,324,33,214);
line(101,249,35,170);
line(257,258,372,198);
line(249,330,366,257);


line(236,280,114,279);
line(237,316,116,312);
